585
176
531
718
959
346
80
441
287
958
281
200
234
786
968
946
991
327
148
498
388
985
772
343
196
422
987
884
376
48
330
824
486
742
513
649
405
578
552
272
552
822
412
365
546
624
842
982
103
918
140
67
664
778
838
545
165
7
332
994
312
769
839
313
905
522
742
886
444
60
607
433
397
204
132
450
133
364
439
952
727
183
590
119
267
338
825
995
839
546
976
853
687
92
539
547
478
163
473
747
99
400
393
750
505
332
246
594
460
18
882
845
368
427
49
739
853
619
414
662
321
577
479
889
899
517
582
883
277
360
470
264
725
8
599
239
570
69
766
376
851
707
300
873
996
180
261
346
327
886
